# Multi-Camera LED Triangulation Results
# Number of cameras: 13
# Solved cameras: 13
# Number of LEDs: 73

# Camera Positions
CAMERA_0 -3.097169 1.605306 -3.622306
CAMERA_1 -0.442699 5.920317 -1.374073
CAMERA_2 0.519181 -4.106362 -4.164720
CAMERA_3 0.496323 2.752517 -5.420663
CAMERA_4 0.699108 -0.013824 -5.999762
CAMERA_5 -1.436038 5.060763 3.417509
CAMERA_6 -1.719737 1.960672 5.600762
CAMERA_7 -3.772641 3.308228 -1.062040
CAMERA_8 -0.249643 -5.815540 -0.136549
CAMERA_9 -3.919617 -2.930505 1.155578
CAMERA_10 -7.821374 2.088626 -2.123805
CAMERA_11 -1.616282 0.195497 5.844993
CAMERA_12 -1.085787 -4.083671 3.729897

# Camera Rotations (as rotation matrices)
CAMERA_0_ROTATION
0.268673 -0.747399 0.607626
0.900300 -0.029422 -0.434274
0.342454 0.663723 0.664979
CAMERA_1_ROTATION
0.967796 -0.163092 0.191761
0.222126 0.194812 -0.955358
0.118454 0.967186 0.224765
CAMERA_2_ROTATION
0.988456 0.148683 0.029136
-0.124755 0.689588 0.713375
0.085975 -0.708775 0.700176
CAMERA_3_ROTATION
0.995580 -0.085246 0.039422
0.093836 0.885103 -0.455837
0.003965 0.457521 0.889190
CAMERA_4_ROTATION
0.999994 0.002595 0.002265
-0.002606 0.999984 0.004924
-0.002253 -0.004930 0.999985
CAMERA_5_ROTATION
0.933029 -0.100609 0.345447
0.223508 -0.590322 -0.775606
0.281958 0.800873 -0.528301
CAMERA_6_ROTATION
0.920011 0.016912 0.391528
0.137127 -0.949804 -0.281192
0.367119 0.312389 -0.876149
CAMERA_7_ROTATION
0.153176 -0.642867 0.750506
0.287468 -0.697636 -0.656251
0.945463 0.316268 0.077942
CAMERA_8_ROTATION
0.960510 0.225365 0.163189
-0.160135 -0.031893 0.986580
0.227546 -0.973752 0.005455
CAMERA_9_ROTATION
0.495107 -0.469097 0.731312
-0.658084 0.347091 0.668172
-0.567269 -0.812081 -0.136858
CAMERA_10_ROTATION
0.254118 -0.151329 0.955261
0.962461 -0.057810 -0.265191
0.095354 0.986791 0.130958
CAMERA_11_ROTATION
0.923544 0.071402 0.376787
0.080277 -0.996741 -0.007884
0.374997 0.037528 -0.926266
CAMERA_12_ROTATION
0.932142 0.191236 0.307472
-0.078815 -0.721639 0.687768
0.353410 -0.665332 -0.657598

# 3D LED Coordinates
LED_0000 0.701594 0.162842 0.001990
LED_0001 0.573369 0.125924 -0.608135
LED_0002 0.162958 0.095177 -0.931908
LED_0003 -0.383797 -0.224107 -0.595791
LED_0004 -0.735397 -0.394604 -0.226268
LED_0005 -0.225841 0.066345 -0.032082
LED_0006 0.279031 0.494067 0.201981
LED_0007 0.607424 0.510916 0.297643
LED_0008 0.585738 -0.154317 0.514955
LED_0009 0.397360 -0.541651 0.314982
LED_0010 0.095858 -0.671398 -0.296870
LED_0011 -0.125699 -0.419957 -0.698208
LED_0012 -0.429694 0.219521 -0.687035
LED_0013 -0.402353 0.520430 -0.499234
LED_0014 0.151748 0.241590 -0.144122
LED_0015 0.681048 -0.046613 0.217843
LED_0016 0.580419 0.112459 0.484014
LED_0017 0.079127 0.605382 0.558403
LED_0018 -0.119707 0.512799 0.350068
LED_0019 -0.032690 0.027640 -0.156668
LED_0020 0.084506 -0.463937 -0.637510
LED_0021 0.559482 -0.335534 -0.625719
LED_0022 0.619876 0.173384 -0.471609
LED_0023 0.241390 0.708706 -0.234359
LED_0024 -0.044126 0.789245 -0.039766
LED_0025 -0.030918 0.086168 0.065242
LED_0026 -0.077403 -0.610190 0.101955
LED_0027 -0.122761 -0.635408 0.249096
LED_0028 -0.495243 -0.163948 0.619135
LED_0029 -0.576176 0.242332 0.738622
LED_0030 -0.025048 0.105137 0.300930
LED_0031 0.570385 0.011587 -0.076301
LED_0032 0.718821 -0.074792 -0.307437
LED_0033 0.237526 -0.570655 -0.168997
LED_0034 -0.158358 -0.899747 0.033708
LED_0035 -0.163057 -0.510215 0.630440
LED_0036 -0.255891 -0.184918 0.600694
LED_0037 -0.653463 0.059591 0.057356
LED_0038 -0.911331 0.243537 -0.497664
LED_0039 -0.464731 0.566163 -0.091658
LED_0040 -0.051347 0.906021 0.375217
LED_0041 0.135190 0.451167 0.506491
LED_0042 0.099964 -0.247873 0.563549
LED_0043 0.215486 -0.761613 0.516384
LED_0044 0.171850 -0.289268 0.000643
LED_0045 0.107561 0.201042 -0.522464
LED_0046 -0.065706 0.492079 -0.820565
LED_0047 -0.240893 0.491775 -0.122317
LED_0048 -0.355955 0.551190 0.578799
LED_0049 -0.401074 0.175255 0.478134
LED_0050 -0.527113 -0.333237 0.008896
LED_0051 -0.497761 -0.595474 -0.389565
LED_0052 -0.013600 -0.133610 -0.143390
LED_0053 0.474087 0.318862 0.071000
LED_0054 0.577424 0.416489 0.373900
LED_0055 0.079592 0.053257 0.735356
LED_0056 -0.329579 -0.312270 0.701372
LED_0057 -0.429589 -0.613049 0.062031
LED_0058 -0.318714 -0.782599 -0.487799
LED_0059 -0.086761 -0.501268 -0.281413
LED_0060 -0.153901 0.010246 0.192456
LED_0061 -0.217440 0.542304 0.663644
LED_0062 -0.201737 0.845010 0.164011
LED_0063 0.067875 0.858900 -0.329112
LED_0064 0.570886 0.375813 -0.239793
LED_0065 0.882187 -0.081695 -0.130359
LED_0066 0.431371 -0.516118 0.214747
LED_0067 -0.059563 -0.745354 0.423425
LED_0068 -0.615300 -0.309674 0.307401
LED_0069 -0.920448 0.120961 0.133791
LED_0070 -0.369985 -0.077161 -0.263142
LED_0071 0.192490 -0.278078 -0.653043
LED_0072 0.356528 -0.010983 -1.000000
